6 0.5109843546284224 0.3691329856584094 0.07803129074315518 0.026401564537157758 
7 0.504980443285528 0.471877444589309 0.5510299869621903 0.15366362451108215 
5 0.511199478487614 0.30447848761408086 0.2088396349413298 0.16567144719687096 
11 0.5100195567144721 0.596831812255541 0.4489830508474577 0.08284224250325947 
4 0.8630638852672752 0.623096479791395 0.10683181225554099 0.16926988265971316 
4 0.13915906127770533 0.6181681877444589 0.11404172099087354 0.17766623207301177 
1 0.8985332464146023 0.46920469361147327 0.05521512385919169 0.1248500651890483 
4 0.6218318122555411 0.7410886571056062 0.13805736636245108 0.048018252933507075 
10 0.37115384615384617 0.7398891786179922 0.10084745762711868 0.04561929595827902 
11 0.5076988265971316 0.6821056062581485 0.1392568448500652 0.05521512385919161 
