5 0.49282920469361147 0.15254237288135594 0.5997392438070405 0.09647979139504563 
6 0.49022164276401564 0.29921773142112124 0.4876140808344198 0.02216427640156454 
5 0.4973924380704042 0.29921773142112124 0.21251629726205998 0.121251629726206 
2 0.4915254237288136 0.41264667535853977 0.4876140808344198 0.04041720990873533 
12 0.4915254237288136 0.49478487614080835 0.1303780964797914 0.03259452411994785 
5 0.7535853976531942 0.5977835723598436 0.21121251629726207 0.20730117340286833 
6 0.6799217731421121 0.6316818774445893 0.08735332464146023 0.121251629726206 
1 0.14341590612777053 0.7314211212516297 0.03129074315514994 0.15123859191655803 
5 0.49934810951760106 0.7548891786179922 0.43546284224250326 0.1408083441981747 
11 0.49674054758800523 0.940677966101695 0.6336375488917861 0.04041720990873533 
