5 0.49674054758800523 0.13363754889178617 0.39113428943937417 0.21251629726205998 
5 0.500651890482399 0.5886571056062582 0.5058670143415906 0.12385919165580182 
6 0.5 0.5932203389830508 0.39504563233376794 0.02346805736636245 
7 0.5032594524119948 0.6897001303780965 0.5345501955671447 0.0469361147327249 
11 0.5071707953063885 0.7255541069100391 0.2711864406779661 0.03259452411994785 
7 0.4973924380704042 0.07496740547588006 0.30638852672750977 0.048239895697522815 
3 0.5045632333767927 0.7477183833116037 0.3389830508474576 0.02216427640156454 
7 0.5052151238591917 0.7933507170795306 0.25945241199478486 0.027379400260756193 
5 0.5149934810951761 0.910039113428944 0.3259452411994785 0.07561929595827901 
1 0.8044328552803129 0.9367666232073012 0.13559322033898305 0.02216427640156454 
4 0.5097783572359843 0.9608865710560626 0.16166883963494133 0.018252933507170794 
