7 0.5104302477183833 0.4067796610169492 0.4471968709256845 0.07040417209908735 
3 0.5045632333767927 0.4641460234680574 0.5319426336375489 0.03389830508474576 
11 0.5 0.4915254237288136 0.23076923076923078 0.02346805736636245 
5 0.5149934810951761 0.6401564537157758 0.7222946544980443 0.2737940026075619 
5 0.5084745762711864 0.6460234680573663 0.7170795306388527 0.28292046936114734 
5 0.5195567144719687 0.0697522816166884 0.0560625814863103 0.05345501955671447 
4 0.6486310299869622 0.8461538461538461 0.0847457627118644 0.020860495436766623 
5 0.5228161668839635 0.08670143415906127 0.3363754889178618 0.14732724902216426 
1 0.2757496740547588 0.9439374185136897 0.1760104302477184 0.02607561929595828 
12 0.5182529335071708 0.11929595827900913 0.048239895697522815 0.02216427640156454 
