5 0.49869621903520206 0.22164276401564537 0.6792698826597132 0.35984354628422427 
7 0.5032594524119948 0.4915254237288136 0.6310299869621904 0.11473272490221642 
3 0.5026075619295959 0.5867014341590613 0.379400260756193 0.03129074315514994 
2 0.5058670143415906 0.6408083441981747 0.35984354628422427 0.035202086049543675 
12 0.2392438070404172 0.7750977835723598 0.10039113428943937 0.048239895697522815 
2 0.5039113428943938 0.8494132985658409 0.5932203389830508 0.02998696219035202 
1 0.17666232073011734 0.9191655801825294 0.07170795306388526 0.0469361147327249 
4 0.6421121251629727 0.9302477183833116 0.0847457627118644 0.01955671447196871 
2 0.6114732724902217 0.9745762711864406 0.10691003911342895 0.027379400260756193 
4 0.44784876140808344 0.9771838331160365 0.19426336375488917 0.027379400260756193 
