5 0.5039113428943938 0.24315514993481094 0.4471968709256845 0.2985658409387223 
7 0.5071707953063885 0.5189048239895697 0.44328552803129073 0.21121251629726207 
11 0.49608865710560623 0.6584093872229465 0.41851368970013036 0.03389830508474576 
10 0.17079530638852672 0.7620599739243807 0.10691003911342895 0.04302477183833116 
11 0.4980443285528031 0.7640156453715776 0.318122555410691 0.0469361147327249 
1 0.7535853976531942 0.7966101694915254 0.10430247718383312 0.0651890482398957 
4 0.5567144719687093 0.8096479791395046 0.12255541069100391 0.0469361147327249 
4 0.23728813559322035 0.8363754889178618 0.16688396349413298 0.05345501955671447 
4 0.6440677966101694 0.8455019556714471 0.07822685788787484 0.02998696219035202 
4 0.7692307692307693 0.8494132985658409 0.1694915254237288 0.06910039113428944 
