5 0.4973924380704042 0.34159061277705344 0.423728813559322 0.2607561929595828 
12 0.5013037809647979 0.622555410691004 0.10821382007822686 0.035202086049543675 
5 0.8194263363754889 0.6975228161668839 0.17340286831812254 0.1773142112125163 
6 0.81877444589309 0.7007822685788787 0.16166883963494133 0.04563233376792699 
11 0.49674054758800523 0.7385919165580183 0.43546284224250326 0.027379400260756193 
4 0.651238591916558 0.7750977835723598 0.07953063885267275 0.04041720990873533 
2 0.44654498044328556 0.7803129074315515 0.26727509778357234 0.035202086049543675 
1 0.8585397653194263 0.8950456323337679 0.1681877444589309 0.04041720990873533 
7 0.4980443285528031 0.9015645371577575 0.47979139504563234 0.06649282920469361 
5 0.4980443285528031 0.9022164276401564 0.5319426336375489 0.10951760104302477 
7 0.4980443285528031 0.12320730117340287 0.6414602346805737 0.061277705345501955 
