12 0.500651890482399 0.21642764015645372 0.10430247718383312 0.03389830508474576 
5 0.4915254237288136 0.33116036505867014 0.5058670143415906 0.2529335071707953 
2 0.4980443285528031 0.5580182529335072 0.3285528031290743 0.1016949152542373 
3 0.5 0.6499348109517601 0.363754889178618 0.03259452411994785 
4 0.7405475880052151 0.7561929595827901 0.17992177314211213 0.028683181225554105 
2 0.5697522816166884 0.788787483702738 0.10691003911342895 0.02346805736636245 
4 0.7633637548891786 0.8930899608865711 0.05867014341590613 0.03129074315514994 
7 0.42242503259452413 0.89374185136897 0.43546284224250326 0.03259452411994785 
1 0.7542372881355932 0.9524119947848761 0.15514993481095177 0.02998696219035202 
7 0.49608865710560623 0.10691003911342895 0.48891786179921776 0.0938722294654498 
