7 0.4941329856584094 0.22229465449804434 0.5528031290743155 0.3533246414602347 
11 0.5019556714471969 0.4256844850065189 0.2242503259452412 0.035202086049543675 
5 0.5 0.5547588005215124 0.23859191655801826 0.15514993481095177 
2 0.49934810951760106 0.6994784876140808 0.1408083441981747 0.05867014341590613 
3 0.5026075619295959 0.7496740547588006 0.48891786179921776 0.03389830508474576 
12 0.5039113428943938 0.8252933507170795 0.16036505867014342 0.054758800521512385 
2 0.7516297262059974 0.9204693611473272 0.10299869621903521 0.08344198174706649 
4 0.546284224250326 0.9269882659713168 0.0651890482398957 0.02346805736636245 
1 0.2848761408083442 0.9380704041720991 0.16036505867014342 0.048239895697522815 
4 0.5026075619295959 0.9504563233376793 0.1395045632333768 0.02346805736636245 
