2 0.5 0.27708333333333335 0.15 0.07083333333333333 
3 0.5 0.33125 0.30416666666666664 0.04583333333333333 
11 0.440625 0.378125 0.14375 0.052083333333333336 
11 0.5854166666666667 0.37916666666666665 0.10833333333333334 0.04583333333333333 
11 0.534375 0.43020833333333336 0.26875 0.06041666666666667 
5 0.5010416666666667 0.5947916666666667 0.34791666666666665 0.20625 
7 0.4947916666666667 0.7729166666666667 0.33541666666666664 0.05 
4 0.503125 0.8541666666666666 0.18125 0.04583333333333333 
5 0.5 0.9375 0.12916666666666668 0.10833333333333334 
7 0.5020833333333333 0.13645833333333332 0.4375 0.22291666666666668 
