5 0.496875 0.38645833333333335 0.3645833333333333 0.34791666666666665 
6 0.759375 0.4166666666666667 0.07291666666666667 0.0375 
12 0.5 0.634375 0.11666666666666667 0.035416666666666666 
11 0.49895833333333334 0.69375 0.25625 0.05 
2 0.503125 0.753125 0.29375 0.035416666666666666 
5 0.5010416666666667 0.83125 0.052083333333333336 0.05 
7 0.49895833333333334 0.9072916666666667 0.2604166666666667 0.03125 
4 0.88125 0.9083333333333333 0.05416666666666667 0.03333333333333333 
1 0.5 0.9395833333333333 0.20833333333333334 0.025 
7 0.5010416666666667 0.19583333333333333 0.5979166666666667 0.17083333333333334 
