5 0.5019556714471969 0.23076923076923078 0.3259452411994785 0.19556714471968709 
7 0.4980443285528031 0.48435462842242505 0.43546284224250326 0.14471968709256844 
7 0.4980443285528031 0.5984354628422425 0.2920469361147327 0.041720990873533245 
11 0.5019556714471969 0.6551499348109517 0.13559322033898305 0.04302477183833116 
10 0.17405475880052151 0.7601043024771839 0.09517601043024772 0.04432855280312908 
11 0.5013037809647979 0.7653194263363755 0.3116036505867014 0.041720990873533245 
1 0.7835723598435462 0.803129074315515 0.16166883963494133 0.08604954367666232 
2 0.4973924380704042 0.8063885267275098 0.23076923076923078 0.048239895697522815 
4 0.23598435462842243 0.8396349413298566 0.16166883963494133 0.05215123859191656 
4 0.7672750977835724 0.8396349413298566 0.16558018252933507 0.054758800521512385 
