5 0.5071707953063885 0.24967405475880053 0.5215123859191656 0.35071707953063885 
7 0.5176010430247718 0.5182529335071708 0.7222946544980443 0.19165580182529335 
2 0.5013037809647979 0.6584093872229465 0.31681877444589307 0.07301173402868318 
3 0.40547588005215124 0.06714471968709257 0.14341590612777053 0.05345501955671447 
6 0.6095176010430248 0.0697522816166884 0.0847457627118644 0.0560625814863103 
3 0.49869621903520206 0.7268578878748371 0.36114732724902215 0.027379400260756193 
12 0.49674054758800523 0.78748370273794 0.1408083441981747 0.03389830508474576 
5 0.24641460234680573 0.788787483702738 0.1303780964797914 0.1303780964797914 
5 0.7431551499348109 0.8005215123859192 0.13820078226857888 0.14863102998696218 
4 0.439374185136897 0.9465449804432855 0.20860495436766624 0.02607561929595828 
1 0.21251629726205998 0.9582790091264668 0.07301173402868318 0.041720990873533245 
