11 0.37157757496740546 0.6408083441981747 0.0938722294654498 0.035202086049543675 
10 0.3709256844850065 0.652542372881356 0.035202086049543675 0.011734028683181226 
7 0.37222946544980445 0.7066492829204694 0.18383311603650587 0.06258148631029987 
11 0.6388526727509778 0.7177314211212517 0.12255541069100391 0.03259452411994785 
10 0.636897001303781 0.7307692307692307 0.048239895697522815 0.014341590612777053 
10 0.37157757496740546 0.7366362451108214 0.12516297262059975 0.02607561929595828 
6 0.6760104302477183 0.7672750977835724 0.03780964797913951 0.011734028683181226 
4 0.3924380704041721 0.772490221642764 0.03129074315514994 0.01694915254237288 
7 0.6375488917861799 0.7966101694915254 0.21642764015645372 0.054758800521512385 
10 0.6382007822685789 0.8376792698826597 0.1290743155149935 0.02216427640156454 
4 0.6408083441981747 0.8591916558018253 0.0847457627118644 0.020860495436766623 
4 0.6707953063885267 0.894393741851369 0.035202086049543675 0.018252933507170794 
