7 0.49674054758800523 0.28748370273794005 0.5449804432855281 0.20990873533246415 
11 0.5567144719687093 0.43415906127770537 0.13559322033898305 0.03650586701434159 
4 0.6043024771838331 0.5026075619295959 0.09256844850065189 0.05084745762711865 
5 0.5013037809647979 0.6036505867014341 0.09778357235984354 0.1121251629726206 
7 0.5026075619295959 0.7998696219035202 0.5254237288135594 0.07170795306388526 
1 0.1166883963494133 0.7998696219035202 0.13428943937418514 0.035202086049543675 
1 0.9863102998696219 0.8383311603650587 0.014341590612777053 0.07040417209908735 
1 0.9823989569752282 0.8428943937418514 0.014341590612777053 0.06649282920469361 
6 0.5058670143415906 0.8546284224250326 0.13298565840938723 0.01955671447196871 
4 0.5026075619295959 0.8956975228161669 0.2542372881355932 0.028683181225554105 
