7 0.49022164276401564 0.14341590612777053 0.8005215123859192 0.15123859191655803 
7 0.48891786179921776 0.30378096479791394 0.9282920469361148 0.12777053455019557 
12 0.4921773142112125 0.6003911342894394 0.7966101694915254 0.3089960886571056 
2 0.5032594524119948 0.7848761408083442 0.2033898305084746 0.07301173402868318 
11 0.5052151238591917 0.7868318122555411 0.19165580182529335 0.07170795306388526 
3 0.49934810951760106 0.8383311603650587 0.5215123859191656 0.03911342894393742 
11 0.10560625814863103 0.8728813559322034 0.1694915254237288 0.035202086049543675 
4 0.3389830508474576 0.8735332464146024 0.19035202086049544 0.03389830508474576 
1 0.5795306388526728 0.8767926988265972 0.17340286831812254 0.03780964797913951 
2 0.8924380704041721 0.8846153846153846 0.15254237288135594 0.09778357235984354 
4 0.7607561929595827 0.9165580182529335 0.09256844850065189 0.03650586701434159 
