5 0.49478487614080835 0.22620599739243807 0.6479791395045632 0.2985658409387223 
7 0.5097783572359843 0.49934810951760106 0.7092568448500652 0.25554106910039115 
3 0.3852672750977836 0.05084745762711865 0.10039113428943937 0.03650586701434159 
2 0.49934810951760106 0.6388526727509778 0.2138200782268579 0.0469361147327249 
3 0.4980443285528031 0.6740547588005215 0.409387222946545 0.020860495436766623 
4 0.6681877444589309 0.8285528031290743 0.07431551499348109 0.01955671447196871 
5 0.4973924380704042 0.8670143415906127 0.25945241199478486 0.05997392438070404 
2 0.49608865710560623 0.9335071707953064 0.14732724902216426 0.03129074315514994 
1 0.17079530638852672 0.9367666232073012 0.05736636245110821 0.05345501955671447 
4 0.5026075619295959 0.9778357235984355 0.19947848761408082 0.02346805736636245 
