5 0.5071707953063885 0.3318122555410691 0.4485006518904824 0.29335071707953064 
7 0.49934810951760106 0.35658409387222945 0.42242503259452413 0.05084745762711865 
11 0.5026075619295959 0.5886571056062582 0.2777053455019557 0.03259452411994785 
2 0.49608865710560623 0.6336375488917861 0.19947848761408082 0.028683181225554105 
12 0.49934810951760106 0.6773142112125163 0.0938722294654498 0.03259452411994785 
5 0.7490221642764016 0.7327249022164276 0.1760104302477184 0.12777053455019557 
5 0.500651890482399 0.7764015645371578 0.09126466753585398 0.03259452411994785 
7 0.5 0.8070404172099087 0.2438070404172099 0.028683181225554105 
1 0.024119947848761408 0.8207301173402868 0.024771838331160364 0.11342894393741851 
6 0.5769230769230769 0.8396349413298566 0.11864406779661017 0.03650586701434159 
