11 0.49583333333333335 0.22395833333333334 0.6541666666666667 0.08541666666666667 
5 0.5 0.33541666666666664 0.11666666666666667 0.07916666666666666 
7 0.49583333333333335 0.43854166666666666 0.7416666666666667 0.29791666666666666 
6 0.6989583333333333 0.6197916666666666 0.18958333333333333 0.04791666666666667 
11 0.3260416666666667 0.7072916666666667 0.18541666666666667 0.052083333333333336 
1 0.09791666666666667 0.759375 0.15 0.04375 
10 0.90625 0.7875 0.14166666666666666 0.041666666666666664 
7 0.525 0.83125 0.1875 0.0375 
4 0.12291666666666666 0.83125 0.21666666666666667 0.029166666666666667 
4 0.6802083333333333 0.8322916666666667 0.09375 0.03125 
