2 0.1453715775749674 0.18448500651890481 0.17340286831812254 0.0560625814863103 
4 0.8350717079530638 0.18578878748370273 0.17861799217731422 0.05867014341590613 
3 0.49608865710560623 0.23663624511082137 0.5619295958279009 0.11082138200782268 
5 0.49674054758800523 0.3396349413298566 0.16427640156453716 0.2046936114732725 
7 0.49934810951760106 0.4934810951760104 0.5919165580182529 0.09778357235984354 
11 0.5013037809647979 0.6408083441981747 0.2151238591916558 0.05084745762711865 
1 0.1558018252933507 0.68122555410691 0.12385919165580182 0.048239895697522815 
4 0.8507170795306388 0.7340286831812256 0.08996088657105607 0.03129074315514994 
4 0.8018252933507171 0.7607561929595827 0.19556714471968709 0.03259452411994785 
1 0.17861799217731422 0.8559322033898306 0.2503259452411995 0.02998696219035202 
