5 0.4973924380704042 0.13624511082138202 0.09778357235984354 0.1681877444589309 
5 0.5019556714471969 0.35723598435462844 0.6336375488917861 0.2242503259452412 
7 0.4973924380704042 0.5358539765319427 0.48370273794002605 0.07301173402868318 
2 0.5 0.636245110821382 0.1760104302477184 0.03911342894393742 
3 0.49934810951760106 0.6636245110821382 0.03650586701434159 0.01564537157757497 
11 0.7457627118644068 0.7659713168187744 0.10951760104302477 0.0560625814863103 
11 0.5221642764015645 0.7685788787483703 0.3011734028683181 0.05867014341590613 
11 0.2790091264667536 0.7737940026075619 0.16166883963494133 0.05867014341590613 
5 0.49869621903520206 0.9185136897001304 0.24902216427640156 0.08213820078226858 
7 0.5 0.9367666232073012 0.24902216427640156 0.04302477183833116 
