5 0.49478487614080835 0.15645371577574968 0.1395045632333768 0.17470664928292046 
7 0.49282920469361147 0.2757496740547588 0.5110821382007823 0.05084745762711865 
7 0.49869621903520206 0.42894393741851367 0.4941329856584094 0.19035202086049544 
4 0.4921773142112125 0.044980443285528034 0.22816166883963493 0.048239895697522815 
2 0.4980443285528031 0.6577574967405476 0.43285528031290743 0.04302477183833116 
3 0.5013037809647979 0.6936114732724902 0.5280312907431551 0.02607561929595828 
11 0.6544980443285529 0.742503259452412 0.1877444589308996 0.02998696219035202 
11 0.29595827900912647 0.7431551499348109 0.10951760104302477 0.03129074315514994 
11 0.45632333767926986 0.7444589308996089 0.1694915254237288 0.03129074315514994 
11 0.4973924380704042 0.7451108213820078 0.5123859191655802 0.03259452411994785 
