3 0.4491525423728814 0.20078226857887874 0.16036505867014342 0.041720990873533245 
6 0.5860495436766623 0.20404172099087353 0.11082138200782268 0.04302477183833116 
5 0.12255541069100391 0.21577574967405475 0.17992177314211213 0.17340286831812254 
5 0.8898305084745762 0.2242503259452412 0.1681877444589309 0.16166883963494133 
7 0.5130378096479792 0.4439374185136897 0.8279009126466753 0.2620599739243807 
2 0.4980443285528031 0.7529335071707953 0.3963494132985658 0.10560625814863103 
5 0.12190352020860495 0.7607561929595827 0.16036505867014342 0.14471968709256844 
5 0.8917861799217731 0.7685788787483703 0.17470664928292046 0.16297262059973924 
4 0.4106910039113429 0.8539765319426337 0.17470664928292046 0.02607561929595828 
2 0.5971316818774446 0.8546284224250326 0.17470664928292046 0.027379400260756193 
