11 0.8760416666666667 0.19946808510638298 0.13541666666666666 0.023936170212765957 
11 0.8614583333333333 0.23670212765957446 0.19375 0.1622340425531915 
11 0.859375 0.2393617021276596 0.16875 0.018617021276595744 
11 0.8770833333333333 0.28324468085106386 0.13333333333333333 0.015957446808510637 
5 0.446875 0.32646276595744683 0.61875 0.33643617021276595 
6 0.60625 0.041223404255319146 0.17083333333333334 0.026595744680851064 
11 0.5072916666666667 0.5545212765957447 0.39375 0.0398936170212766 
11 0.50625 0.5558510638297872 0.3625 0.03723404255319149 
2 0.27395833333333336 0.6309840425531915 0.26875 0.027925531914893616 
7 0.49270833333333336 0.08643617021276596 0.5520833333333334 0.06914893617021277 
