12 0.5169491525423728 0.1440677966101695 0.08213820078226858 0.02998696219035202 
7 0.5026075619295959 0.27053455019556716 0.5749674054758801 0.09517601043024772 
5 0.5039113428943938 0.4426336375488918 0.4784876140808344 0.23076923076923078 
2 0.5013037809647979 0.6160365058670143 0.439374185136897 0.09256844850065189 
3 0.4973924380704042 0.6479791395045632 0.38461538461538464 0.028683181225554105 
11 0.4980443285528031 0.6779661016949152 0.22946544980443284 0.03129074315514994 
4 0.6590612777053455 0.7959582790091264 0.08735332464146023 0.027379400260756193 
4 0.6890482398956975 0.8292046936114733 0.11342894393741851 0.03389830508474576 
5 0.5208604954367666 0.08735332464146023 0.423728813559322 0.07822685788787484 
4 0.5612777053455019 0.9198174706649282 0.26727509778357234 0.02998696219035202 
1 0.2633637548891786 0.9211212516297262 0.242503259452412 0.03259452411994785 
