5 0.5078226857887875 0.2842242503259452 0.8670143415906127 0.2242503259452412 
7 0.5045632333767927 0.5026075619295959 0.7692307692307693 0.10560625814863103 
3 0.6890482398956975 0.6043024771838331 0.288135593220339 0.04563233376792699 
2 0.5058670143415906 0.6258148631029987 0.6571056062581486 0.0938722294654498 
3 0.6101694915254238 0.6538461538461539 0.14341590612777053 0.035202086049543675 
12 0.5039113428943938 0.7144719687092569 0.10821382007822686 0.041720990873533245 
4 0.6701434159061278 0.7926988265971316 0.05736636245110821 0.02607561929595828 
1 0.9028683181225554 0.8585397653194263 0.1395045632333768 0.048239895697522815 
4 0.4302477183833116 0.8702737940026075 0.16166883963494133 0.027379400260756193 
3 0.5104302477183833 0.12516297262059975 0.5071707953063885 0.04954367666232073 
