7 0.5013037809647979 0.22099087353324642 0.2046936114732725 0.01955671447196871 
7 0.5032594524119948 0.2907431551499348 0.2529335071707953 0.0651890482398957 
5 0.5084745762711864 0.408735332464146 0.3833116036505867 0.4445893089960887 
4 0.5032594524119948 0.5697522816166884 0.15645371577574968 0.028683181225554105 
6 0.6297262059973925 0.5697522816166884 0.0469361147327249 0.03389830508474576 
11 0.5071707953063885 0.7092568448500652 0.2737940026075619 0.03911342894393742 
4 0.5677966101694916 0.7477183833116037 0.1395045632333768 0.01955671447196871 
2 0.5032594524119948 0.7490221642764016 0.2633637548891786 0.02216427640156454 
5 0.7372881355932204 0.7913950456323338 0.17861799217731422 0.17992177314211213 
1 0.8983050847457628 0.9295958279009127 0.03129074315514994 0.0651890482398957 
