5 0.49895833333333334 0.2760416666666667 0.7229166666666667 0.17708333333333334 
5 0.5145833333333333 0.44895833333333335 0.2833333333333333 0.20625 
7 0.49583333333333335 0.5854166666666667 0.7125 0.06666666666666667 
12 0.321875 0.6645833333333333 0.12708333333333333 0.041666666666666664 
11 0.5041666666666667 0.721875 0.575 0.052083333333333336 
1 0.475 0.7770833333333333 0.08333333333333333 0.05416666666666667 
12 0.3385416666666667 0.778125 0.11041666666666666 0.052083333333333336 
4 0.38229166666666664 0.8260416666666667 0.22708333333333333 0.035416666666666666 
4 0.7333333333333333 0.8270833333333333 0.20833333333333334 0.03333333333333333 
4 0.7604166666666666 0.8989583333333333 0.09166666666666666 0.03125 
