5 0.4018187744458931 0.7185811518324607 0.2795176010430248 0.25810471204188484 
12 0.7980769230769231 0.8290523560209424 0.10462842242503259 0.020408376963350794 
12 0.4007887874837027 0.7229842931937174 0.10014341590612777 0.015602094240837673 
11 0.3933507170795307 0.6782670157068063 0.10612777053455023 0.020408376963350794 
11 0.794354628422425 0.7820890052356021 0.10761408083441977 0.022816753926701534 
7 0.4006649282920469 0.701455497382199 0.1390091264667536 0.02280628272251318 
7 0.8009452411994785 0.8042303664921465 0.14947848761408095 0.025214659685863797 
7 0.3987940026075619 0.22535078534031414 0.2526075619295958 0.044418848167539285 
5 0.40031290743155146 0.268565445026178 0.031395045632333744 0.0324188481675393 
5 0.8026010430247719 0.8209057591623037 0.2570925684485007 0.2617068062827226 
