4 0.8430182529335072 0.7658148631029987 0.09020860495436758 0.02706649282920468 
7 0.5003585397653194 0.5347718383311603 0.49485006518904817 0.07345501955671443 
6 0.4992568448500652 0.4001238591916558 0.34923076923076923 0.023194263363754842 
1 0.0984354628422425 0.8022099087353326 0.11082138200782268 0.045097783572359884 
4 0.3925749674054759 0.7997262059973924 0.19844850065189054 0.024485006518904787 
4 0.6090482398956975 0.8003520208604954 0.19071707953063888 0.02834419817470666 
3 0.5036310299869622 0.286857887874837 0.603089960886571 0.10696219035202088 
4 0.8693872229465449 0.2031681877444589 0.15076923076923074 0.038670143415906126 
2 0.11980443285528031 0.2045110821382008 0.13530638852672752 0.030925684485006516 
11 0.4999608865710561 0.686818774445893 0.5618513689700131 0.04638852672750976 
