3 0.49942633637548894 0.4687292277614858 0.8502216427640157 0.026412512218963815 
7 0.4979335071707953 0.36800586510263933 0.6516688396349414 0.057614858260019546 
5 0.5058018252933507 0.1640175953079179 0.336245110821382 0.25569892473118283 
5 0.4957627118644068 0.8304398826979472 0.6395045632333769 0.0988074291300097 
1 0.8933441981747066 0.9493401759530792 0.13610169491525423 0.04921798631476053 
4 0.6101890482398957 0.9595307917888564 0.07044328552803125 0.016813294232649115 
4 0.04258800521512386 0.8341691104594331 0.030417209908735334 0.16687194525904206 
4 0.6569295958279009 0.6889442815249267 0.09873533246414605 0.025004887585532674 
4 0.5098631029986962 0.7177468230694037 0.29221642764015643 0.02200391006842619 
12 0.49790091264667535 0.547297165200391 0.10140808344198171 0.033010752688172135 
2 0.5002281616688397 0.44559628543499513 0.8518252933507171 0.07203323558162268 
