7 0.4953324641460235 0.3241450777202073 0.42743155149934814 0.08870466321243525 
7 0.4970273794002608 0.4508290155440414 0.4256062581486311 0.0899136442141623 
5 0.49474576271186443 0.1479620034542314 0.1394263363754889 0.21993091537132986 
5 0.49542372881355934 0.7484024179620035 0.09906127770534545 0.08747841105354055 
2 0.5620338983050848 0.39090673575129536 0.12015645371577571 0.021882556131260823 
1 0.17166232073011733 0.8608290155440413 0.033024771838331156 0.04981001727115712 
4 0.6273728813559322 0.9149222797927461 0.07612777053455018 0.02673575129533682 
4 0.6088331160365059 0.7461744386873921 0.06512385919165578 0.02430051813471511 
2 0.49376140808344204 0.6257772020725388 0.4503650586701435 0.08747841105354055 
3 0.4927509778357236 0.5345077720207254 0.2293089960886571 0.05347150259067354 
