7 0.5 0.15971316818774445 0.5358539765319427 0.10821382007822686 
6 0.49022164276401564 0.31747066492829207 0.4406779661016949 0.03259452411994785 
5 0.5013037809647979 0.31877444589308995 0.20730117340286833 0.1290743155149935 
7 0.5013037809647979 0.4869621903520209 0.530638852672751 0.05345501955671447 
5 0.5058670143415906 0.06714471968709257 0.14863102998696218 0.0560625814863103 
11 0.49934810951760106 0.7059973924380704 0.49022164276401564 0.03780964797913951 
2 0.49934810951760106 0.7483702737940026 0.24511082138200782 0.03129074315514994 
1 0.22033898305084745 0.7979139504563233 0.02346805736636245 0.15384615384615385 
5 0.6903520208604954 0.8220338983050848 0.17340286831812254 0.121251629726206 
12 0.5019556714471969 0.8239895697522817 0.12777053455019557 0.03389830508474576 
