5 0.50625 0.17246175243393602 0.35 0.1808066759388039 
7 0.5052083333333334 0.4443671766342142 0.8770833333333333 0.2239221140472879 
3 0.35 0.5813630041724618 0.10416666666666667 0.03616133518776078 
2 0.4947916666666667 0.7016689847009736 0.43125 0.07927677329624479 
3 0.4947916666666667 0.7267037552155772 0.43125 0.03477051460361613 
12 0.490625 0.7809457579972183 0.12291666666666666 0.037552155771905425 
4 0.7114583333333333 0.847009735744089 0.09791666666666667 0.025034770514603615 
1 0.15833333333333333 0.9374130737134909 0.175 0.04450625869262865 
4 0.36875 0.9422809457579973 0.21666666666666667 0.02920723226703755 
4 0.6104166666666667 0.9436717663421419 0.225 0.02642559109874826 
