5 0.49895833333333334 0.30520833333333336 0.24791666666666667 0.16041666666666668 
7 0.4947916666666667 0.42291666666666666 0.5770833333333333 0.058333333333333334 
12 0.34375 0.4864583333333333 0.1125 0.03958333333333333 
2 0.5645833333333333 0.4875 0.2833333333333333 0.041666666666666664 
11 0.4979166666666667 0.5333333333333333 0.4791666666666667 0.04583333333333333 
1 0.4739583333333333 0.58125 0.08125 0.041666666666666664 
4 0.39791666666666664 0.6177083333333333 0.19166666666666668 0.035416666666666666 
4 0.6916666666666667 0.6197916666666666 0.175 0.035416666666666666 
5 0.5020833333333333 0.13125 0.08333333333333333 0.09166666666666666 
7 0.49583333333333335 0.18125 0.6083333333333333 0.12083333333333333 
