7 0.5026075619295959 0.22164276401564537 0.20208604954367665 0.020860495436766623 
7 0.5032594524119948 0.29335071707953064 0.2529335071707953 0.06258148631029987 
5 0.500651890482399 0.4106910039113429 0.3546284224250326 0.45632333767926986 
4 0.5045632333767927 0.5677966101694916 0.15384615384615385 0.03259452411994785 
6 0.6290743155149935 0.5684485006518905 0.04563233376792699 0.041720990873533245 
11 0.5117340286831812 0.711212516297262 0.26988265971316816 0.03780964797913951 
4 0.5704041720990873 0.7464146023468058 0.13689700130378096 0.02216427640156454 
2 0.5032594524119948 0.7477183833116037 0.2633637548891786 0.01955671447196871 
5 0.7398956975228161 0.78748370273794 0.18383311603650587 0.19035202086049544 
1 0.8989569752281616 0.9067796610169492 0.027379400260756193 0.11342894393741851 
