7 0.4980443285528031 0.2894393741851369 0.5032594524119948 0.1877444589308996 
11 0.5534550195567145 0.43546284224250326 0.4654498044328553 0.03129074315514994 
12 0.2653194263363755 0.4380704041720991 0.09517601043024772 0.03389830508474576 
11 0.666232073011734 0.4380704041720991 0.22946544980443284 0.03389830508474576 
2 0.4452411994784876 0.5 0.2646675358539765 0.035202086049543675 
4 0.6421121251629727 0.500651890482399 0.0847457627118644 0.03650586701434159 
5 0.4980443285528031 0.6075619295958279 0.08604954367666232 0.1016949152542373 
7 0.4980443285528031 0.7959582790091264 0.5267275097783573 0.06388526727509779 
1 0.11799217731421122 0.7998696219035202 0.13428943937418514 0.035202086049543675 
6 0.500651890482399 0.8513689700130378 0.1408083441981747 0.02346805736636245 
4 0.49934810951760106 0.894393741851369 0.24771838331160365 0.02607561929595828 
