12 0.4947916666666667 0.2523540489642185 0.08125 0.026365348399246705 
7 0.5010416666666667 0.4105461393596987 0.46041666666666664 0.1016949152542373 
4 0.496875 0.556497175141243 0.20208333333333334 0.04331450094161959 
11 0.6875 0.6337099811676082 0.0875 0.0583804143126177 
11 0.48541666666666666 0.6544256120527306 0.5 0.1111111111111111 
11 0.39479166666666665 0.6581920903954802 0.28541666666666665 0.09981167608286252 
11 0.6 0.6779661016949152 0.10416666666666667 0.04896421845574388 
5 0.8833333333333333 0.7382297551789078 0.16666666666666666 0.23728813559322035 
2 0.49270833333333336 0.8258003766478342 0.5020833333333333 0.09227871939736347 
1 0.14270833333333333 0.8342749529190208 0.13125 0.04896421845574388 
2 0.6010416666666667 0.9378531073446328 0.73125 0.04896421845574388 
