5 0.4980443285528031 0.34615384615384615 0.8526727509778357 0.24119947848761408 
4 0.1016949152542373 0.4908735332464146 0.020860495436766623 0.04041720990873533 
7 0.5026075619295959 0.5286831812255541 0.4132985658409387 0.08213820078226858 
11 0.49478487614080835 0.6101694915254238 0.27509778357235987 0.041720990873533245 
2 0.7855280312907431 0.6760104302477183 0.1577574967405476 0.11082138200782268 
5 0.19230769230769232 0.68122555410691 0.11603650586701435 0.12646675358539766 
12 0.4954367666232073 0.6955671447196871 0.05215123859191656 0.01955671447196871 
1 0.8904823989569752 0.7053455019556715 0.02346805736636245 0.12777053455019557 
7 0.49869621903520206 0.727509778357236 0.17340286831812254 0.02346805736636245 
4 0.5404172099087353 0.7509778357235984 0.03780964797913951 0.02346805736636245 
