5 0.49934810951760106 0.25554106910039115 0.8135593220338984 0.3155149934810952 
6 0.6805736636245111 0.4589308996088657 0.4302477183833116 0.02607561929595828 
4 0.4178617992177314 0.48239895697522817 0.1421121251629726 0.02607561929595828 
2 0.49934810951760106 0.0560625814863103 0.4067796610169492 0.04432855280312908 
7 0.49869621903520206 0.6623207301173403 0.4576271186440678 0.09908735332464146 
11 0.5013037809647979 0.7464146023468058 0.30638852672750977 0.048239895697522815 
12 0.46153846153846156 0.7972620599739244 0.12255541069100391 0.02216427640156454 
5 0.7633637548891786 0.8970013037809648 0.26988265971316816 0.15384615384615385 
6 0.7607561929595827 0.8976531942633638 0.16558018252933507 0.02216427640156454 
4 0.2588005215123859 0.9491525423728814 0.3350717079530639 0.02607561929595828 
