5 0.49478487614080835 0.1623207301173403 0.7783572359843546 0.3089960886571056 
4 0.6258148631029987 0.2803129074315515 0.14341590612777053 0.020860495436766623 
4 0.3624511082138201 0.28226857887874834 0.12255541069100391 0.01955671447196871 
7 0.5 0.38461538461538464 0.7235984354628422 0.12516297262059975 
6 0.48891786179921776 0.4804432855280313 0.4172099087353325 0.048239895697522815 
3 0.4915254237288136 0.5365058670143416 0.47196870925684486 0.035202086049543675 
2 0.7607561929595827 0.05541069100391134 0.1864406779661017 0.03780964797913951 
12 0.4941329856584094 0.6127770534550195 0.10430247718383312 0.041720990873533245 
5 0.49478487614080835 0.7346805736636245 0.7392438070404173 0.34810951760104303 
4 0.665580182529335 0.9328552803129074 0.07692307692307693 0.02216427640156454 
1 0.16623207301173404 0.9478487614080835 0.08735332464146023 0.054758800521512385 
