2 0.4979166666666667 0.278125 0.15416666666666667 0.06458333333333334 
3 0.496875 0.32708333333333334 0.30625 0.04583333333333333 
11 0.5802083333333333 0.38125 0.12291666666666666 0.041666666666666664 
11 0.43333333333333335 0.38229166666666664 0.15 0.04375 
11 0.534375 0.42604166666666665 0.26458333333333334 0.04791666666666667 
5 0.5010416666666667 0.5958333333333333 0.34791666666666665 0.20833333333333334 
7 0.4979166666666667 0.7729166666666667 0.325 0.041666666666666664 
4 0.503125 0.8572916666666667 0.18958333333333333 0.04375 
5 0.49583333333333335 0.9333333333333333 0.1375 0.1125 
7 0.5020833333333333 0.13541666666666666 0.4375 0.225 
