6 0.5893089960886571 0.20404172099087353 0.1121251629726206 0.04041720990873533 
3 0.4511082138200782 0.20534550195567144 0.15645371577574968 0.04041720990873533 
5 0.12385919165580182 0.21577574967405475 0.18513689700130379 0.1760104302477184 
5 0.8904823989569752 0.2242503259452412 0.16688396349413298 0.16166883963494133 
7 0.5149934810951761 0.455019556714472 0.8265971316818774 0.28683181225554105 
2 0.4980443285528031 0.7522816166883963 0.3859191655801825 0.10430247718383312 
5 0.12255541069100391 0.7607561929595827 0.15645371577574968 0.14471968709256844 
5 0.8911342894393742 0.7679269882659713 0.17340286831812254 0.16166883963494133 
4 0.41395045632333766 0.8552803129074316 0.18904823989569752 0.028683181225554105 
2 0.5932203389830508 0.8559322033898306 0.17470664928292046 0.027379400260756193 
