5 0.5436766623207301 0.16427640156453716 0.0469361147327249 0.03911342894393742 
11 0.5404172099087353 0.19426336375488917 0.11082138200782268 0.018252933507170794 
7 0.5417209908735332 0.22620599739243807 0.16297262059973924 0.035202086049543675 
7 0.3305084745762712 0.2894393741851369 0.08735332464146023 0.02346805736636245 
7 0.5417209908735332 0.5084745762711864 0.18122555410691005 0.10691003911342895 
12 0.3767926988265971 0.6258148631029987 0.03911342894393742 0.02346805736636245 
7 0.31486310299869624 0.6277705345501956 0.08735332464146023 0.03259452411994785 
7 0.33116036505867014 0.6707953063885267 0.11734028683181226 0.05867014341590613 
5 0.3389830508474576 0.8448500651890483 0.2737940026075619 0.2737940026075619 
7 0.33116036505867014 0.864406779661017 0.10691003911342895 0.018252933507170794 
7 0.5189048239895697 0.8852672750977836 0.08344198174706649 0.02607561929595828 
12 0.5788787483702738 0.8898305084745762 0.03129074315514994 0.01955671447196871 
