5 0.5013037809647979 0.26010430247718386 0.10821382007822686 0.08735332464146023 
4 0.6597131681877445 0.29791395045632335 0.09647979139504563 0.02216427640156454 
6 0.38657105606258146 0.2985658409387223 0.16297262059973924 0.02607561929595828 
11 0.5091264667535854 0.3363754889178618 0.4106910039113429 0.03650586701434159 
7 0.5097783572359843 0.4348109517601043 0.5371577574967406 0.07692307692307693 
12 0.500651890482399 0.5847457627118644 0.35984354628422427 0.121251629726206 
10 0.6186440677966102 0.6773142112125163 0.1290743155149935 0.04041720990873533 
4 0.651890482398957 0.758148631029987 0.2737940026075619 0.035202086049543675 
4 0.3500651890482399 0.7594524119947849 0.26727509778357234 0.035202086049543675 
1 0.8859191655801826 0.7653194263363755 0.16036505867014342 0.07301173402868318 
10 0.6942633637548892 0.7926988265971316 0.07953063885267275 0.028683181225554105 
