3 0.4498044328552803 0.2033898305084746 0.15645371577574968 0.04432855280312908 
6 0.5938722294654498 0.20534550195567144 0.11864406779661017 0.04302477183833116 
5 0.12320730117340287 0.21773142112125163 0.18383311603650587 0.17209908735332463 
5 0.8904823989569752 0.2242503259452412 0.17209908735332463 0.16166883963494133 
7 0.5123859191655802 0.44589308996088656 0.8292046936114733 0.2816166883963494 
2 0.4980443285528031 0.7529335071707953 0.3859191655801825 0.10821382007822686 
5 0.1271186440677966 0.7561929595827901 0.15514993481095177 0.14863102998696218 
5 0.8917861799217731 0.7679269882659713 0.17470664928292046 0.16166883963494133 
4 0.41199478487614083 0.8546284224250326 0.17470664928292046 0.027379400260756193 
2 0.5964797913950456 0.8559322033898306 0.1760104302477184 0.027379400260756193 
