5 0.5 0.14146023468057367 0.10821382007822686 0.17079530638852672 
5 0.5045632333767927 0.36114732724902215 0.6440677966101694 0.22685788787483702 
7 0.5019556714471969 0.5449804432855281 0.5032594524119948 0.07561929595827901 
2 0.5019556714471969 0.6440677966101694 0.18252933507170796 0.03650586701434159 
12 0.5 0.6734028683181226 0.04302477183833116 0.01694915254237288 
11 0.7503259452411994 0.7796610169491526 0.11082138200782268 0.05736636245110821 
11 0.5267275097783573 0.7803129074315515 0.3050847457627119 0.05345501955671447 
11 0.49869621903520206 0.7816166883963495 0.6114732724902217 0.0560625814863103 
11 0.2757496740547588 0.7822685788787483 0.16558018252933507 0.06258148631029987 
5 0.4980443285528031 0.9022164276401564 0.07040417209908735 0.041720990873533245 
7 0.5039113428943938 0.9445893089960886 0.26988265971316816 0.04563233376792699 
