5 0.5 0.17470664928292046 0.061277705345501955 0.06258148631029987 
6 0.5032594524119948 0.19426336375488917 0.23728813559322035 0.018252933507170794 
7 0.5058670143415906 0.2438070404172099 0.485006518904824 0.05997392438070404 
11 0.4908735332464146 0.2953063885267275 0.3220338983050847 0.04041720990873533 
12 0.48435462842242505 0.5247718383311604 0.7209908735332464 0.3089960886571056 
10 0.4921773142112125 0.8135593220338984 0.13428943937418514 0.03911342894393742 
4 0.3213820078226858 0.8155149934810951 0.19947848761408082 0.02998696219035202 
4 0.6694915254237288 0.8155149934810951 0.2046936114732725 0.03259452411994785 
1 0.09322033898305085 0.8239895697522817 0.121251629726206 0.08865710560625815 
4 0.6740547588005215 0.8526727509778357 0.06779661016949153 0.028683181225554105 
