11 0.5117340286831812 0.2516297262059974 0.1681877444589309 0.028683181225554105 
7 0.5176010430247718 0.2848761408083442 0.21903520208604954 0.035202086049543675 
7 0.5189048239895697 0.3513689700130378 0.19035202086049544 0.06910039113428944 
5 0.3239895697522816 0.40091264667535853 0.08735332464146023 0.08735332464146023 
5 0.7138200782268579 0.49934810951760106 0.04302477183833116 0.09126466753585398 
5 0.32073011734028684 0.7183833116036505 0.05215123859191656 0.06779661016949153 
7 0.7842242503259452 0.771838331160365 0.024771838331160364 0.22164276401564537 
11 0.32333767926988266 0.7822685788787483 0.07822685788787484 0.018252933507170794 
7 0.3239895697522816 0.8213820078226858 0.11864406779661017 0.02607561929595828 
10 0.3239895697522816 0.8507170795306388 0.06649282920469361 0.011734028683181226 
10 0.5221642764015645 0.9041720990873533 0.11864406779661017 0.024771838331160364 
5 0.621251629726206 0.1016949152542373 0.04563233376792699 0.06258148631029987 
