5 0.503125 0.27395833333333336 0.48541666666666666 0.18541666666666667 
7 0.5 0.41875 0.5083333333333333 0.1125 
7 0.49583333333333335 0.6 0.4083333333333333 0.125 
11 0.49583333333333335 0.696875 0.2375 0.035416666666666666 
11 0.5427083333333333 0.75 0.19791666666666666 0.03333333333333333 
10 0.4125 0.7520833333333333 0.0625 0.041666666666666664 
12 0.49895833333333334 0.8041666666666667 0.08125 0.03333333333333333 
5 0.7177083333333333 0.815625 0.18541666666666667 0.14791666666666667 
6 0.721875 0.8395833333333333 0.06041666666666667 0.0375 
1 0.11041666666666666 0.8916666666666667 0.029166666666666667 0.1125 
