5 0.5052151238591917 0.24837027379400262 0.11864406779661017 0.13689700130378096 
5 0.5084745762711864 0.39048239895697523 0.560625814863103 0.4002607561929596 
12 0.49934810951760106 0.6336375488917861 0.09126466753585398 0.03389830508474576 
11 0.4908735332464146 0.6883963494132985 0.4941329856584094 0.054758800521512385 
3 0.49934810951760106 0.7490221642764016 0.6883963494132985 0.061277705345501955 
8 0.5312907431551499 0.8409387222946545 0.1395045632333768 0.03389830508474576 
4 0.6290743155149935 0.9413298565840938 0.07953063885267275 0.03129074315514994 
1 0.7979139504563233 0.969361147327249 0.17470664928292046 0.027379400260756193 
4 0.4954367666232073 0.970664928292047 0.19295958279009126 0.024771838331160364 
7 0.4954367666232073 0.10691003911342895 0.6492829204693612 0.09908735332464146 
