5 0.49934810951760106 0.2470664928292047 0.21121251629726207 0.20990873533246415 
4 0.7705345501955672 0.39048239895697523 0.06779661016949153 0.01955671447196871 
7 0.49478487614080835 0.46479791395045633 0.3324641460234681 0.0560625814863103 
7 0.4980443285528031 0.06453715775749674 0.38852672750977835 0.11082138200782268 
5 0.49608865710560623 0.6701434159061278 0.22033898305084745 0.2138200782268579 
2 0.4980443285528031 0.8494132985658409 0.3728813559322034 0.10039113428943937 
3 0.4954367666232073 0.9074315514993481 0.5032594524119948 0.02346805736636245 
4 0.5723598435462842 0.940677966101695 0.23468057366362452 0.027379400260756193 
1 0.8063885267275098 0.9413298565840938 0.1316818774445893 0.028683181225554105 
4 0.49608865710560623 0.9732724902216427 0.11082138200782268 0.035202086049543675 
