5 0.5026075619295959 0.1760104302477184 0.28552803129074317 0.2503259452411995 
7 0.4921773142112125 0.31290743155149936 0.23076923076923078 0.028683181225554105 
2 0.4980443285528031 0.35853976531942633 0.6388526727509778 0.03650586701434159 
3 0.5026075619295959 0.39374185136897 0.439374185136897 0.02346805736636245 
12 0.500651890482399 0.47979139504563234 0.13559322033898305 0.041720990873533245 
7 0.5013037809647979 0.60625814863103 0.60625814863103 0.07301173402868318 
5 0.5 0.7868318122555411 0.21773142112125163 0.1316818774445893 
4 0.7568448500651891 0.9009126466753585 0.05345501955671447 0.03389830508474576 
4 0.6466753585397653 0.9517601043024772 0.20599739243807041 0.04432855280312908 
1 0.7920469361147328 0.9524119947848761 0.07170795306388526 0.05084745762711865 
