7 0.500651890482399 0.2183833116036506 0.3546284224250326 0.11082138200782268 
7 0.4934810951760104 0.3344198174706649 0.7235984354628422 0.07170795306388526 
5 0.19165580182529335 0.5104302477183833 0.17470664928292046 0.18122555410691005 
11 0.5039113428943938 0.5482398956975228 0.4602346805736636 0.035202086049543675 
4 0.22685788787483702 0.5704041720990873 0.054758800521512385 0.04563233376792699 
2 0.44132985658409385 0.590612777053455 0.25945241199478486 0.02346805736636245 
4 0.6434159061277706 0.590612777053455 0.10560625814863103 0.028683181225554105 
7 0.49674054758800523 0.8233376792698827 0.5449804432855281 0.06910039113428944 
1 0.8833116036505867 0.8285528031290743 0.16036505867014342 0.048239895697522815 
6 0.5065189048239895 0.8761408083441982 0.14471968709256844 0.02346805736636245 
