5 0.4973924380704042 0.16101694915254236 0.8044328552803129 0.3194263363754889 
4 0.3683181225554107 0.2796610169491525 0.1395045632333768 0.02216427640156454 
4 0.636897001303781 0.2796610169491525 0.16297262059973924 0.024771838331160364 
7 0.5 0.38722294654498046 0.7288135593220338 0.13298565840938723 
2 0.49478487614080835 0.48239895697522817 0.2516297262059974 0.04954367666232073 
3 0.4941329856584094 0.5338983050847458 0.45632333767926986 0.04041720990873533 
12 0.49608865710560623 0.6140808344198174 0.12385919165580182 0.03911342894393742 
5 0.49674054758800523 0.7301173402868318 0.7431551499348109 0.3494132985658409 
4 0.6753585397653195 0.940026075619296 0.08083441981747067 0.02607561929595828 
1 0.15840938722294653 0.9582790091264668 0.09517601043024772 0.054758800521512385 
