5 0.49869621903520206 0.16492829204693613 0.7653194263363755 0.31681877444589307 
4 0.5052151238591917 0.2842242503259452 0.39765319426336376 0.020860495436766623 
7 0.5026075619295959 0.3898305084745763 0.6923076923076923 0.1303780964797914 
2 0.49674054758800523 0.48370273794002605 0.23728813559322035 0.05215123859191656 
6 0.665580182529335 0.485006518904824 0.06910039113428944 0.020860495436766623 
3 0.4973924380704042 0.5345501955671447 0.45241199478487615 0.03650586701434159 
12 0.5019556714471969 0.6088657105606258 0.11734028683181226 0.03650586701434159 
5 0.49674054758800523 0.7164276401564538 0.7066492829204694 0.3376792698826597 
4 0.666883963494133 0.9230769230769231 0.08213820078226858 0.028683181225554105 
1 0.17340286831812254 0.9413298565840938 0.08604954367666232 0.054758800521512385 
