7 0.7920469361147328 0.333116036505867 0.36114732724902215 0.21773142112125163 
5 0.30378096479791394 0.4980443285528031 0.5632333767926988 0.5632333767926988 
12 0.78748370273794 0.5104302477183833 0.12777053455019557 0.04302477183833116 
11 0.6883963494132985 0.6623207301173403 0.06258148631029987 0.028683181225554105 
11 0.8226857887874837 0.6629726205997393 0.09908735332464146 0.027379400260756193 
11 0.7913950456323338 0.6753585397653195 0.29986962190352023 0.05736636245110821 
11 0.7007822685788787 0.6890482398956975 0.11082138200782268 0.02216427640156454 
11 0.8559322033898306 0.6897001303780965 0.09778357235984354 0.028683181225554105 
2 0.7940026075619296 0.7314211212516297 0.2607561929595828 0.028683181225554105 
1 0.8311603650586702 0.7653194263363755 0.28552803129074317 0.02346805736636245 
