7 0.503125 0.23541666666666666 0.3020833333333333 0.07916666666666666 
11 0.5114583333333333 0.34479166666666666 0.5895833333333333 0.05625 
11 0.5052083333333334 0.43854166666666666 0.15208333333333332 0.03125 
4 0.8135416666666667 0.5072916666666667 0.06875 0.027083333333333334 
1 0.10416666666666667 0.5114583333333333 0.075 0.052083333333333336 
4 0.609375 0.5270833333333333 0.08541666666666667 0.025 
5 0.5020833333333333 0.83125 0.17083333333333334 0.0875 
4 0.6479166666666667 0.125 0.10833333333333334 0.025 
5 0.5072916666666667 0.12604166666666666 0.10625 0.08125 
6 0.5041666666666667 0.15833333333333333 0.11666666666666667 0.025 
