11 0.499954367666232 0.4018187744458931 0.394954367666232 0.039621903520208585 
6 0.6853129074315515 0.534928292046936 0.05641460234680571 0.021616688396349393 
4 0.49712516297262055 0.6620925684485006 0.09724902216427637 0.020404172099087323 
10 0.3377249022164276 0.7001890482398958 0.12003911342894392 0.02880052151238596 
4 0.6577118644067798 0.7610756192959582 0.07683181225554107 0.022803129074315528 
4 0.8902672750977836 0.8109126466753586 0.17166883963494128 0.03121251629726198 
1 0.10966101694915255 0.8558409387222947 0.19324641460234682 0.03241199478487616 
2 0.4988787483702738 0.8092112125162972 0.3745501955671447 0.02520208604954373 
5 0.5002477183833116 0.21662972620599738 0.16086049543676662 0.1620730117340287 
7 0.4984028683181225 0.48180573663624504 0.6734680573663624 0.07443285528031288 
