7 0.40547588005215124 0.1623207301173403 0.11734028683181226 0.05345501955671447 
6 0.4530638852672751 0.19947848761408082 0.035202086049543675 0.02346805736636245 
7 0.7340286831812256 0.3559322033898305 0.0651890482398957 0.03389830508474576 
5 0.7320730117340287 0.41590612777053454 0.05084745762711865 0.05215123859191656 
5 0.4015645371577575 0.6564537157757496 0.041720990873533245 0.06649282920469361 
5 0.741199478487614 0.7092568448500652 0.048239895697522815 0.0651890482398957 
7 0.3963494132985658 0.7262059973924381 0.11473272490221642 0.05736636245110821 
12 0.40547588005215124 0.772490221642764 0.03911342894393742 0.02216427640156454 
7 0.7405475880052151 0.7737940026075619 0.11994784876140809 0.05345501955671447 
12 0.7444589308996089 0.8272490221642764 0.04432855280312908 0.02216427640156454 
5 0.4067796610169492 0.0984354628422425 0.02607561929595828 0.035202086049543675 
11 0.40808344198174706 0.12646675358539766 0.0938722294654498 0.02346805736636245 
