7 0.5032594524119948 0.1831812255541069 0.2242503259452412 0.2646675358539765 
12 0.5019556714471969 0.4380704041720991 0.21121251629726207 0.041720990873533245 
11 0.5039113428943938 0.5215123859191656 0.2151238591916558 0.03650586701434159 
11 0.5026075619295959 0.5638852672750978 0.2151238591916558 0.13689700130378096 
11 0.5013037809647979 0.5658409387222947 0.21251629726205998 0.03650586701434159 
11 0.5026075619295959 0.6088657105606258 0.21251629726205998 0.03650586701434159 
4 0.49934810951760106 0.6923076923076923 0.21121251629726207 0.07040417209908735 
5 0.5013037809647979 0.788135593220339 0.09517601043024772 0.10560625814863103 
7 0.5013037809647979 0.8761408083441982 0.1864406779661017 0.0651890482398957 
6 0.49934810951760106 0.9035202086049544 0.11473272490221642 0.018252933507170794 
