7 0.5039113428943938 0.39895697522816165 0.2542372881355932 0.07822685788787484 
5 0.5032594524119948 0.4028683181225554 0.44589308996088656 0.20078226857887874 
2 0.500651890482399 0.6564537157757496 0.37027379400260757 0.07953063885267275 
3 0.5 0.6805736636245111 0.36897001303780963 0.028683181225554105 
6 0.4895697522816167 0.7594524119947849 0.3741851368970013 0.027379400260756193 
5 0.5013037809647979 0.7705345501955672 0.1395045632333768 0.14341590612777053 
7 0.500651890482399 0.89374185136897 0.2816166883963494 0.10821382007822686 
1 0.22033898305084745 0.9341590612777053 0.13298565840938723 0.027379400260756193 
4 0.7946544980443285 0.9641460234680573 0.08735332464146023 0.02216427640156454 
4 0.3005215123859192 0.9869621903520208 0.3089960886571056 0.02607561929595828 
4 0.7920469361147328 0.9869621903520208 0.11603650586701435 0.02607561929595828 
5 0.5071707953063885 0.1258148631029987 0.7222946544980443 0.24902216427640156 
