2 0.5019556714471969 0.40091264667535853 0.29986962190352023 0.06649282920469361 
3 0.4980443285528031 0.4602346805736636 0.4406779661016949 0.03129074315514994 
5 0.5052151238591917 0.6121251629726207 0.4002607561929596 0.25684485006518903 
3 0.5032594524119948 0.7607561929595827 0.43285528031290743 0.03259452411994785 
11 0.49934810951760106 0.8083441981747066 0.3650586701434159 0.054758800521512385 
1 0.17796610169491525 0.8872229465449805 0.15514993481095177 0.03259452411994785 
4 0.8448500651890483 0.9302477183833116 0.10430247718383312 0.03259452411994785 
4 0.8455019556714471 0.9739243807040417 0.13428943937418514 0.03650586701434159 
4 0.2685788787483703 0.9765319426336375 0.35723598435462844 0.03389830508474576 
12 0.4973924380704042 0.11082138200782268 0.08213820078226858 0.03650586701434159 
