7 0.49895833333333334 0.23819742489270387 0.63125 0.1759656652360515 
12 0.7125 0.3444206008583691 0.15833333333333333 0.03648068669527897 
5 0.4979166666666667 0.5783261802575107 0.09166666666666666 0.4313304721030043 
5 0.5020833333333333 0.07725321888412018 0.0875 0.08583690987124463 
11 0.6677083333333333 0.8369098712446352 0.09375 0.03862660944206009 
11 0.484375 0.8379828326180258 0.24791666666666667 0.0407725321888412 
11 0.7947916666666667 0.8379828326180258 0.13541666666666666 0.0407725321888412 
11 0.559375 0.8390557939914163 0.60625 0.04291845493562232 
11 0.28854166666666664 0.8830472103004292 0.07291666666666667 0.0407725321888412 
4 0.5010416666666667 0.9431330472103004 0.29791666666666666 0.03648068669527897 
