5 0.08311458333333333 0.9360144927536233 0.13289583333333332 0.10805383022774327 
7 0.49146875 0.9659213250517598 0.3829375 0.031221532091097275 
5 0.48671875 0.5545652173913044 0.6317708333333333 0.6122360248447206 
7 0.4934479166666667 0.09479296066252589 0.5327291666666667 0.06122153209109732 
5 0.9090416666666667 0.9363457556935818 0.1389166666666667 0.11285714285714284 
5 0.909375 0.053830227743271224 0.13958333333333334 0.10766045548654245 
5 0.084375 0.053830227743271224 0.13958333333333334 0.10766045548654245 
4 0.6467187499999999 0.9653209109730849 0.08093749999999993 0.030020703933747412 
2 0.4961041666666667 0.9029089026915115 0.571375 0.07082815734989643 
2 0.49361458333333336 0.14750517598343688 0.4747291666666667 0.02999999999999999 
12 0.4903125 0.1915942028985507 0.1014583333333333 0.031221532091097307 
