4 0.490593220338983 0.9658033826638478 0.2354237288135593 0.020401691331923842 
2 0.4951890482398957 0.9010095137420719 0.6070664928292047 0.024006342494714627 
1 0.8697262059973924 0.9662632135306555 0.14362451108213817 0.01920718816067649 
11 0.5026597131681878 0.8612473572938689 0.7758539765319427 0.03961945031712476 
11 0.8168970013037808 0.8597568710359407 0.12140808344198176 0.032410147991543306 
11 0.6510430247718384 0.8606712473572938 0.1495436766623207 0.0300105708245243 
11 0.3316818774445893 0.8612684989429176 0.42346805736636245 0.031205073995771652 
6 0.49598435462842244 0.6706871035940803 0.23838331160365062 0.03482029598308674 
5 0.49976531942633634 0.33114693446088794 0.10513689700130377 0.10204016913319236 
7 0.4991003911342894 0.4916279069767442 0.6070664928292047 0.11644820295983083 
7 0.49518252933507173 0.13534355179704016 0.7270013037809648 0.036014799154334046 
