7 0.5247083333333333 0.5114836795252226 0.7452500000000001 0.4651038575667656 
5 0.17191666666666666 0.8202225519287832 0.173 0.19830860534124625 
7 0.49562500000000004 0.13845697329376855 0.5579166666666667 0.19976261127596437 
4 0.4876979166666667 0.882507418397626 0.09622916666666666 0.03207715133531158 
4 0.6372604166666667 0.8454451038575667 0.0870208333333333 0.029169139465875325 
2 0.82059375 0.88553412462908 0.14535416666666676 0.026261127596439067 
1 0.14313541666666665 0.9536053412462908 0.06960416666666666 0.04370919881305643 
2 0.4704583333333333 0.8431899109792284 0.22008333333333335 0.030593471810089028 
3 0.7221979166666667 0.6940949554896142 0.08189583333333333 0.0291394658753709 
2 0.6676875 0.6925964391691395 0.47704166666666664 0.03207715133531158 
4 0.49812500000000004 0.9589317507418397 0.2129166666666667 0.03062314540059345 
