1 0.1476271186440678 0.925477346278317 0.05014341590612778 0.058074433656957906 
2 0.6385006518904824 0.6736812297734629 0.6016427640156454 0.1596601941747573 
3 0.653102998696219 0.7336326860841423 0.4352803129074315 0.03360841423948217 
4 0.8560756192959583 0.8679935275080908 0.1528292046936115 0.024012944983818823 
4 0.9036636245110822 0.869190938511327 0.06286831812255544 0.026407766990291345 
4 0.913102998696219 0.9326618122977346 0.0947848761408084 0.03360841423948217 
2 0.6137744458930899 0.9338673139158576 0.2940417209908735 0.03601941747572814 
5 0.49282920469361147 0.49514563106796117 0.9856584093872229 0.9773462783171522 
7 0.6161016949152542 0.4649676375404531 0.6142112125162973 0.11763754045307447 
7 0.6184028683181226 0.2849676375404531 0.4623598435462843 0.22689320388349518 
